10.125	76.375
10.125	76.625
10.125	76.875
10.125	77.125
10.125	77.375
10.125	77.625
10.125	77.875
10.125	78.125
10.125	78.375
10.125	78.625
10.125	78.875
10.375	76.375
10.375	76.625
10.375	76.875
10.375	77.125
10.375	77.375
10.375	77.625
10.375	77.875
10.375	78.125
10.375	78.375
10.375	78.625
10.375	78.875
10.375	79.125
10.625	76.125
10.625	76.375
10.625	76.625
10.625	76.875
10.625	77.125
10.625	77.375
10.625	77.625
10.625	77.875
10.625	78.125
10.625	78.375
10.625	78.625
10.625	78.875
10.625	79.125
10.625	79.375
10.625	79.625
10.875	76.125
10.875	76.375
10.875	76.625
10.875	76.875
10.875	77.125
10.875	77.375
10.875	77.625
10.875	77.875
10.875	78.125
10.875	78.375
10.875	78.625
10.875	78.875
10.875	79.125
10.875	79.375
10.875	79.625
11.125	76.125
11.125	76.375
11.125	76.625
11.125	76.875
11.125	77.125
11.125	77.375
11.125	77.625
11.125	77.875
11.125	78.125
11.125	78.375
11.125	78.625
11.125	78.875
11.125	79.125
11.125	79.375
11.125	79.625
11.375	75.875
11.375	76.125
11.375	76.375
11.375	76.625
11.375	76.875
11.375	77.125
11.375	77.375
11.375	77.625
11.375	77.875
11.375	78.125
11.375	78.375
11.375	78.625
11.375	78.875
11.375	79.125
11.375	79.375
11.375	79.625
11.625	75.875
11.625	76.125
11.625	76.375
11.625	76.625
11.625	76.875
11.625	77.125
11.625	77.375
11.625	77.625
11.625	77.875
11.625	78.125
11.625	78.375
11.625	78.625
11.625	78.875
11.625	79.125
11.625	79.375
11.875	75.875
11.875	76.125
11.875	76.375
11.875	76.625
11.875	76.875
11.875	77.125
11.875	77.375
11.875	77.625
11.875	77.875
11.875	78.125
11.875	78.375
11.875	78.625
11.875	78.875
11.875	79.125
11.875	79.375
11.875	79.625
12.125	75.375
12.125	75.625
12.125	75.875
12.125	76.125
12.125	76.375
12.125	76.625
12.125	76.875
12.125	77.125
12.125	77.375
12.125	77.625
12.125	77.875
12.125	78.125
12.125	78.375
12.125	78.625
12.125	78.875
12.125	79.125
12.125	79.375
12.125	79.625
12.375	75.125
12.375	75.375
12.375	75.625
12.375	75.875
12.375	76.125
12.375	76.375
12.375	76.625
12.375	76.875
12.375	77.125
12.375	77.375
12.375	77.625
12.375	77.875
12.375	78.125
12.375	78.375
12.375	78.625
12.375	78.875
12.375	79.125
12.375	79.375
12.375	79.625
12.625	75.125
12.625	75.375
12.625	75.625
12.625	75.875
12.625	76.125
12.625	76.375
12.625	76.625
12.625	76.875
12.625	77.125
12.625	77.375
12.625	77.625
12.625	77.875
12.625	78.125
12.625	78.375
12.625	78.625
12.625	78.875
12.625	79.125
12.625	79.375
12.625	79.625
12.625	79.875
12.875	75.125
12.875	75.375
12.875	75.625
12.875	75.875
12.875	76.125
12.875	76.375
12.875	76.625
12.875	76.875
12.875	77.125
12.875	77.375
12.875	77.625
12.875	77.875
12.875	78.125
12.875	78.375
12.875	78.625
12.875	78.875
12.875	79.125
12.875	79.375
12.875	79.625
12.875	79.875
13.125	75.125
13.125	75.375
13.125	75.625
13.125	75.875
13.125	76.125
13.125	76.375
13.125	76.625
13.125	76.875
13.125	77.125
13.125	77.375
13.125	77.625
13.125	77.875
13.125	78.125
13.125	78.375
13.125	78.625
13.125	78.875
13.125	79.125
13.125	79.375
13.125	79.625
13.125	79.875
13.375	75.125
13.375	75.375
13.375	75.625
13.375	75.875
13.375	76.125
13.375	76.375
13.375	76.625
13.375	76.875
13.375	77.125
13.375	77.375
13.375	77.625
13.375	77.875
13.375	78.125
13.375	78.375
13.375	78.625
13.375	78.875
13.375	79.125
13.375	79.375
13.375	79.625
13.375	79.875
13.375	80.125
13.625	74.875
13.625	75.125
13.625	75.375
13.625	75.625
13.625	75.875
13.625	76.125
13.625	76.375
13.625	76.625
13.625	76.875
13.625	77.125
13.625	77.375
13.625	77.625
13.625	77.875
13.625	78.125
13.625	78.375
13.625	78.625
13.625	78.875
13.625	79.125
13.625	79.375
13.625	79.625
13.625	79.875
13.875	74.875
13.875	75.125
13.875	75.375
13.875	75.625
13.875	75.875
13.875	76.125
13.875	76.375
13.875	76.625
13.875	76.875
13.875	77.125
13.875	77.375
13.875	77.625
13.875	77.875
13.875	78.125
13.875	78.375
13.875	78.625
13.875	78.875
13.875	79.125
13.875	79.375
13.875	79.625
13.875	79.875
14.125	74.625
14.125	74.875
14.125	75.125
14.125	75.375
14.125	75.625
14.125	75.875
14.125	76.125
14.125	76.375
14.125	76.625
14.125	76.875
14.125	77.125
14.125	77.375
14.125	77.625
14.125	77.875
14.125	78.125
14.125	78.375
14.125	78.625
14.125	78.875
14.125	79.125
14.125	79.375
14.125	79.625
14.125	79.875
14.375	74.625
14.375	74.875
14.375	75.125
14.375	75.375
14.375	75.625
14.375	75.875
14.375	76.125
14.375	76.375
14.375	76.625
14.375	76.875
14.375	77.125
14.375	77.375
14.375	77.625
14.375	77.875
14.375	78.125
14.375	78.375
14.375	78.625
14.375	78.875
14.375	79.125
14.375	79.375
14.375	79.625
14.375	79.875
14.625	74.625
14.625	74.875
14.625	75.125
14.625	75.375
14.625	75.625
14.625	75.875
14.625	76.125
14.625	76.375
14.625	76.625
14.625	76.875
14.625	77.125
14.625	77.375
14.625	77.625
14.625	77.875
14.625	78.125
14.625	78.375
14.625	78.625
14.625	78.875
14.625	79.125
14.625	79.375
14.625	79.625
14.625	79.875
14.875	74.375
14.875	74.625
14.875	74.875
14.875	75.125
14.875	75.375
14.875	75.625
14.875	75.875
14.875	76.125
14.875	76.375
14.875	76.625
14.875	76.875
14.875	77.125
14.875	77.375
14.875	77.625
14.875	77.875
14.875	78.125
14.875	78.375
14.875	78.625
14.875	78.875
14.875	79.125
14.875	79.375
14.875	79.625
14.875	79.875
15.125	74.125
15.125	74.375
15.125	74.625
15.125	74.875
15.125	75.125
15.125	75.375
15.125	75.625
15.125	75.875
15.125	76.125
15.125	76.375
15.125	76.625
15.125	76.875
15.125	77.125
15.125	77.375
15.125	77.625
15.125	77.875
15.125	78.125
15.125	78.375
15.125	78.625
15.125	78.875
15.125	79.125
15.125	79.375
15.125	79.625
15.125	79.875
15.375	73.875
15.375	74.125
15.375	74.375
15.375	74.625
15.375	74.875
15.375	75.125
15.375	75.375
15.375	75.625
15.375	75.875
15.375	76.125
15.375	76.375
15.375	76.625
15.375	76.875
15.375	77.125
15.375	77.375
15.375	77.625
15.375	77.875
15.375	78.125
15.375	78.375
15.375	78.625
15.375	78.875
15.375	79.125
15.375	79.375
15.375	79.625
15.375	79.875
15.625	73.875
15.625	74.125
15.625	74.375
15.625	74.625
15.625	74.875
15.625	75.125
15.625	75.375
15.625	75.625
15.625	75.875
15.625	76.125
15.625	76.375
15.625	76.625
15.625	76.875
15.625	77.125
15.625	77.375
15.625	77.625
15.625	77.875
15.625	78.125
15.625	78.375
15.625	78.625
15.625	78.875
15.625	79.125
15.625	79.375
15.625	79.625
15.625	79.875
15.875	73.875
15.875	74.125
15.875	74.375
15.875	74.625
15.875	74.875
15.875	75.125
15.875	75.375
15.875	75.625
15.875	75.875
15.875	76.125
15.875	76.375
15.875	76.625
15.875	76.875
15.875	77.125
15.875	77.375
15.875	77.625
15.875	77.875
15.875	78.125
15.875	78.375
15.875	78.625
15.875	78.875
15.875	79.125
15.875	79.375
15.875	79.625
15.875	79.875
15.875	80.125
16.125	73.625
16.125	73.875
16.125	74.125
16.125	74.375
16.125	74.625
16.125	74.875
16.125	75.125
16.125	75.375
16.125	75.625
16.125	75.875
16.125	76.125
16.125	76.375
16.125	76.625
16.125	76.875
16.125	77.125
16.125	77.375
16.125	77.625
16.125	77.875
16.125	78.125
16.125	78.375
16.125	78.625
16.125	78.875
16.125	79.125
16.125	79.375
16.125	79.625
16.125	79.875
16.125	80.125
16.125	80.375
16.125	80.625
16.125	80.875
16.375	73.625
16.375	73.875
16.375	74.125
16.375	74.375
16.375	74.625
16.375	74.875
16.375	75.125
16.375	75.375
16.375	75.625
16.375	75.875
16.375	76.125
16.375	76.375
16.375	76.625
16.375	76.875
16.375	77.125
16.375	77.375
16.375	77.625
16.375	77.875
16.375	78.125
16.375	78.375
16.375	78.625
16.375	78.875
16.375	79.125
16.375	79.375
16.375	79.625
16.375	79.875
16.375	80.125
16.375	80.375
16.375	80.625
16.375	80.875
16.625	73.625
16.625	73.875
16.625	74.125
16.625	74.375
16.625	74.625
16.625	74.875
16.625	75.125
16.625	75.375
16.625	75.625
16.625	75.875
16.625	76.125
16.625	76.375
16.625	76.625
16.625	76.875
16.625	77.125
16.625	77.375
16.625	77.625
16.625	77.875
16.625	78.125
16.625	78.375
16.625	78.625
16.625	78.875
16.625	79.125
16.625	79.375
16.625	79.625
16.625	79.875
16.625	80.125
16.625	80.375
16.625	80.625
16.625	80.875
16.625	81.125
16.625	81.375
16.625	81.625
16.625	81.875
16.875	73.375
16.875	73.625
16.875	73.875
16.875	74.125
16.875	74.375
16.875	74.625
16.875	74.875
16.875	75.125
16.875	75.375
16.875	75.625
16.875	75.875
16.875	76.125
16.875	76.375
16.875	76.625
16.875	76.875
16.875	77.125
16.875	77.375
16.875	77.625
16.875	77.875
16.875	78.125
16.875	78.375
16.875	78.625
16.875	78.875
16.875	79.125
16.875	79.375
16.875	79.625
16.875	79.875
16.875	80.125
16.875	80.375
16.875	80.625
16.875	80.875
16.875	81.125
16.875	81.375
16.875	81.625
16.875	81.875
16.875	82.125
17.125	73.375
17.125	73.625
17.125	73.875
17.125	74.125
17.125	74.375
17.125	74.625
17.125	74.875
17.125	75.125
17.125	75.375
17.125	75.625
17.125	75.875
17.125	76.125
17.125	76.375
17.125	76.625
17.125	76.875
17.125	77.125
17.125	77.375
17.125	77.625
17.125	77.875
17.125	78.125
17.125	78.375
17.125	78.625
17.125	78.875
17.125	79.125
17.125	79.375
17.125	79.625
17.125	79.875
17.125	80.125
17.125	80.375
17.125	80.625
17.125	80.875
17.125	81.125
17.125	81.375
17.125	81.625
17.125	81.875
17.125	82.125
17.375	73.375
17.375	73.625
17.375	73.875
17.375	74.125
17.375	74.375
17.375	74.625
17.375	74.875
17.375	75.125
17.375	75.375
17.375	75.625
17.375	75.875
17.375	76.125
17.375	76.375
17.375	76.625
17.375	76.875
17.375	77.125
17.375	77.375
17.375	77.625
17.375	77.875
17.375	78.125
17.375	78.375
17.375	78.625
17.375	78.875
17.375	79.125
17.375	79.375
17.375	79.625
17.375	79.875
17.375	80.125
17.375	80.375
17.375	80.625
17.375	80.875
17.375	81.125
17.375	81.375
17.375	81.625
17.375	81.875
17.375	82.125
17.375	82.375
17.625	73.375
17.625	73.625
17.625	73.875
17.625	74.125
17.625	74.375
17.625	74.625
17.625	74.875
17.625	75.125
17.625	75.375
17.625	75.625
17.625	75.875
17.625	76.125
17.625	76.375
17.625	76.625
17.625	76.875
17.625	77.125
17.625	77.375
17.625	77.625
17.625	77.875
17.625	78.125
17.625	78.375
17.625	78.625
17.625	78.875
17.625	79.125
17.625	79.375
17.625	79.625
17.625	79.875
17.625	80.125
17.625	80.375
17.625	80.625
17.625	80.875
17.625	81.125
17.625	81.375
17.625	81.625
17.625	81.875
17.625	82.125
17.625	82.375
17.625	82.625
17.875	73.375
17.875	73.625
17.875	73.875
17.875	74.125
17.875	74.375
17.875	74.625
17.875	74.875
17.875	75.125
17.875	75.375
17.875	75.625
17.875	75.875
17.875	76.125
17.875	76.375
17.875	76.625
17.875	76.875
17.875	77.125
17.875	77.375
17.875	77.625
17.875	77.875
17.875	78.125
17.875	78.375
17.875	78.625
17.875	78.875
17.875	79.125
17.875	79.375
17.875	79.625
17.875	79.875
17.875	80.125
17.875	80.375
17.875	80.625
17.875	80.875
17.875	81.125
17.875	81.375
17.875	81.625
17.875	81.875
17.875	82.125
17.875	82.375
17.875	82.625
17.875	82.875
17.875	83.125
18.125	73.375
18.125	73.625
18.125	73.875
18.125	74.125
18.125	74.375
18.125	74.625
18.125	74.875
18.125	75.125
18.125	75.375
18.125	75.625
18.125	75.875
18.125	76.125
18.125	76.375
18.125	76.625
18.125	76.875
18.125	77.125
18.125	77.375
18.125	77.625
18.125	77.875
18.125	78.125
18.125	78.375
18.125	78.625
18.125	78.875
18.125	79.125
18.125	79.375
18.125	79.625
18.125	79.875
18.125	80.125
18.125	80.375
18.125	80.625
18.125	80.875
18.125	81.125
18.125	81.375
18.125	81.625
18.125	81.875
18.125	82.125
18.125	82.375
18.125	82.625
18.125	82.875
18.125	83.125
18.125	83.375
18.375	73.125
18.375	73.375
18.375	73.625
18.375	73.875
18.375	74.125
18.375	74.375
18.375	74.625
18.375	74.875
18.375	75.125
18.375	75.375
18.375	75.625
18.375	75.875
18.375	76.125
18.375	76.375
18.375	76.625
18.375	76.875
18.375	77.125
18.375	77.375
18.375	77.625
18.375	77.875
18.375	78.125
18.375	78.375
18.375	78.625
18.375	78.875
18.375	79.125
18.375	79.375
18.375	79.625
18.375	79.875
18.375	80.125
18.375	80.375
18.375	80.625
18.375	80.875
18.375	81.125
18.375	81.375
18.375	81.625
18.375	81.875
18.375	82.125
18.375	82.375
18.375	82.625
18.375	82.875
18.375	83.125
18.375	83.375
18.375	83.625
18.625	73.125
18.625	73.375
18.625	73.625
18.625	73.875
18.625	74.125
18.625	74.375
18.625	74.625
18.625	74.875
18.625	75.125
18.625	75.375
18.625	75.625
18.625	75.875
18.625	76.125
18.625	76.375
18.625	76.625
18.625	76.875
18.625	77.125
18.625	77.375
18.625	77.625
18.625	77.875
18.625	78.125
18.625	78.375
18.625	78.625
18.625	78.875
18.625	79.125
18.625	79.375
18.625	79.625
18.625	79.875
18.625	80.125
18.625	80.375
18.625	80.625
18.625	80.875
18.625	81.125
18.625	81.375
18.625	81.625
18.625	81.875
18.625	82.125
18.625	82.375
18.625	82.625
18.625	82.875
18.625	83.125
18.625	83.375
18.625	83.625
18.625	83.875
18.875	73.125
18.875	73.375
18.875	73.625
18.875	73.875
18.875	74.125
18.875	74.375
18.875	74.625
18.875	74.875
18.875	75.125
18.875	75.375
18.875	75.625
18.875	75.875
18.875	76.125
18.875	76.375
18.875	76.625
18.875	76.875
18.875	77.125
18.875	77.375
18.875	77.625
18.875	77.875
18.875	78.125
18.875	78.375
18.875	78.625
18.875	78.875
18.875	79.125
18.875	79.375
18.875	79.625
18.875	79.875
18.875	80.125
18.875	80.375
18.875	80.625
18.875	80.875
18.875	81.125
18.875	81.375
18.875	81.625
18.875	81.875
18.875	82.125
18.875	82.375
18.875	82.625
18.875	82.875
18.875	83.125
18.875	83.375
18.875	83.625
18.875	83.875
18.875	84.125
19.125	73.125
19.125	73.375
19.125	73.625
19.125	73.875
19.125	74.125
19.125	74.375
19.125	74.625
19.125	74.875
19.125	75.125
19.125	75.375
19.125	75.625
19.125	75.875
19.125	76.125
19.125	76.375
19.125	76.625
19.125	76.875
19.125	77.125
19.125	77.375
19.125	77.625
19.125	77.875
19.125	78.125
19.125	78.375
19.125	78.625
19.125	78.875
19.125	79.125
19.125	79.375
19.125	79.625
19.125	79.875
19.125	80.125
19.125	80.375
19.125	80.625
19.125	80.875
19.125	81.125
19.125	81.375
19.125	81.625
19.125	81.875
19.125	82.125
19.125	82.375
19.125	82.625
19.125	82.875
19.125	83.125
19.125	83.375
19.125	83.625
19.125	83.875
19.125	84.125
19.125	84.375
19.375	72.875
19.375	73.125
19.375	73.375
19.375	73.625
19.375	73.875
19.375	74.125
19.375	74.375
19.375	74.625
19.375	74.875
19.375	75.125
19.375	75.375
19.375	75.625
19.375	75.875
19.375	76.125
19.375	76.375
19.375	76.625
19.375	76.875
19.375	77.125
19.375	77.375
19.375	77.625
19.375	77.875
19.375	78.125
19.375	78.375
19.375	78.625
19.375	78.875
19.375	79.125
19.375	79.375
19.375	79.625
19.375	79.875
19.375	80.125
19.375	80.375
19.375	80.625
19.375	80.875
19.375	81.125
19.375	81.375
19.375	81.625
19.375	81.875
19.375	82.125
19.375	82.375
19.375	82.625
19.375	82.875
19.375	83.125
19.375	83.375
19.375	83.625
19.375	83.875
19.375	84.125
19.375	84.375
19.375	84.625
19.625	72.875
19.625	73.125
19.625	73.375
19.625	73.625
19.625	73.875
19.625	74.125
19.625	74.375
19.625	74.625
19.625	74.875
19.625	75.125
19.625	75.375
19.625	75.625
19.625	75.875
19.625	76.125
19.625	76.375
19.625	76.625
19.625	76.875
19.625	77.125
19.625	77.375
19.625	77.625
19.625	77.875
19.625	78.125
19.625	78.375
19.625	78.625
19.625	78.875
19.625	79.125
19.625	79.375
19.625	79.625
19.625	79.875
19.625	80.125
19.625	80.375
19.625	80.625
19.625	80.875
19.625	81.125
19.625	81.375
19.625	81.625
19.625	81.875
19.625	82.125
19.625	82.375
19.625	82.625
19.625	82.875
19.625	83.125
19.625	83.375
19.625	83.625
19.625	83.875
19.625	84.125
19.625	84.375
19.625	84.625
19.625	84.875
19.875	72.875
19.875	73.125
19.875	73.375
19.875	73.625
19.875	73.875
19.875	74.125
19.875	74.375
19.875	74.625
19.875	74.875
19.875	75.125
19.875	75.375
19.875	75.625
19.875	75.875
19.875	76.125
19.875	76.375
19.875	76.625
19.875	76.875
19.875	77.125
19.875	77.375
19.875	77.625
19.875	77.875
19.875	78.125
19.875	78.375
19.875	78.625
19.875	78.875
19.875	79.125
19.875	79.375
19.875	79.625
19.875	79.875
19.875	80.125
19.875	80.375
19.875	80.625
19.875	80.875
19.875	81.125
19.875	81.375
19.875	81.625
19.875	81.875
19.875	82.125
19.875	82.375
19.875	82.625
19.875	82.875
19.875	83.125
19.875	83.375
19.875	83.625
19.875	83.875
19.875	84.125
19.875	84.375
19.875	84.625
19.875	84.875
19.875	85.125
19.875	85.375
20.125	72.875
20.125	73.125
20.125	73.375
20.125	73.625
20.125	73.875
20.125	74.125
20.125	74.375
20.125	74.625
20.125	74.875
20.125	75.125
20.125	75.375
20.125	75.625
20.125	75.875
20.125	76.125
20.125	76.375
20.125	76.625
20.125	76.875
20.125	77.125
20.125	77.375
20.125	77.625
20.125	77.875
20.125	78.125
20.125	78.375
20.125	78.625
20.125	78.875
20.125	79.125
20.125	79.375
20.125	79.625
20.125	79.875
20.125	80.125
20.125	80.375
20.125	80.625
20.125	80.875
20.125	81.125
20.125	81.375
20.125	81.625
20.125	81.875
20.125	82.125
20.125	82.375
20.125	82.625
20.125	82.875
20.125	83.125
20.125	83.375
20.125	83.625
20.125	83.875
20.125	84.125
20.125	84.375
20.125	84.625
20.125	84.875
20.125	85.125
20.125	85.375
20.125	85.625
20.125	85.875
20.125	86.125
20.375	73.125
20.375	73.375
20.375	73.625
20.375	73.875
20.375	74.125
20.375	74.375
20.375	74.625
20.375	74.875
20.375	75.125
20.375	75.375
20.375	75.625
20.375	75.875
20.375	76.125
20.375	76.375
20.375	76.625
20.375	76.875
20.375	77.125
20.375	77.375
20.375	77.625
20.375	77.875
20.375	78.125
20.375	78.375
20.375	78.625
20.375	78.875
20.375	79.125
20.375	79.375
20.375	79.625
20.375	79.875
20.375	80.125
20.375	80.375
20.375	80.625
20.375	80.875
20.375	81.125
20.375	81.375
20.375	81.625
20.375	81.875
20.375	82.125
20.375	82.375
20.375	82.625
20.375	82.875
20.375	83.125
20.375	83.375
20.375	83.625
20.375	83.875
20.375	84.125
20.375	84.375
20.375	84.625
20.375	84.875
20.375	85.125
20.375	85.375
20.375	85.625
20.375	85.875
20.375	86.125
20.375	86.375
20.625	73.125
20.625	73.375
20.625	73.625
20.625	73.875
20.625	74.125
20.625	74.375
20.625	74.625
20.625	74.875
20.625	75.125
20.625	75.375
20.625	75.625
20.625	75.875
20.625	76.125
20.625	76.375
20.625	76.625
20.625	76.875
20.625	77.125
20.625	77.375
20.625	77.625
20.625	77.875
20.625	78.125
20.625	78.375
20.625	78.625
20.625	78.875
20.625	79.125
20.625	79.375
20.625	79.625
20.625	79.875
20.625	80.125
20.625	80.375
20.625	80.625
20.625	80.875
20.625	81.125
20.625	81.375
20.625	81.625
20.625	81.875
20.625	82.125
20.625	82.375
20.625	82.625
20.625	82.875
20.625	83.125
20.625	83.375
20.625	83.625
20.625	83.875
20.625	84.125
20.625	84.375
20.625	84.625
20.625	84.875
20.625	85.125
20.625	85.375
20.625	85.625
20.625	85.875
20.625	86.125
20.625	86.375
20.625	86.625
20.875	70.875
20.875	72.875
20.875	73.125
20.875	73.375
20.875	73.625
20.875	73.875
20.875	74.125
20.875	74.375
20.875	74.625
20.875	74.875
20.875	75.125
20.875	75.375
20.875	75.625
20.875	75.875
20.875	76.125
20.875	76.375
20.875	76.625
20.875	76.875
20.875	77.125
20.875	77.375
20.875	77.625
20.875	77.875
20.875	78.125
20.875	78.375
20.875	78.625
20.875	78.875
20.875	79.125
20.875	79.375
20.875	79.625
20.875	79.875
20.875	80.125
20.875	80.375
20.875	80.625
20.875	80.875
20.875	81.125
20.875	81.375
20.875	81.625
20.875	81.875
20.875	82.125
20.875	82.375
20.875	82.625
20.875	82.875
20.875	83.125
20.875	83.375
20.875	83.625
20.875	83.875
20.875	84.125
20.875	84.375
20.875	84.625
20.875	84.875
20.875	85.125
20.875	85.375
20.875	85.625
20.875	85.875
20.875	86.125
20.875	86.375
20.875	86.625
21.125	70.375
21.125	70.625
21.125	70.875
21.125	71.125
21.125	71.375
21.125	72.875
21.125	73.125
21.125	73.375
21.125	73.625
21.125	73.875
21.125	74.125
21.125	74.375
21.125	74.625
21.125	74.875
21.125	75.125
21.125	75.375
21.125	75.625
21.125	75.875
21.125	76.125
21.125	76.375
21.125	76.625
21.125	76.875
21.125	77.125
21.125	77.375
21.125	77.625
21.125	77.875
21.125	78.125
21.125	78.375
21.125	78.625
21.125	78.875
21.125	79.125
21.125	79.375
21.125	79.625
21.125	79.875
21.125	80.125
21.125	80.375
21.125	80.625
21.125	80.875
21.125	81.125
21.125	81.375
21.125	81.625
21.125	81.875
21.125	82.125
21.125	82.375
21.125	82.625
21.125	82.875
21.125	83.125
21.125	83.375
21.125	83.625
21.125	83.875
21.125	84.125
21.125	84.375
21.125	84.625
21.125	84.875
21.125	85.125
21.125	85.375
21.125	85.625
21.125	85.875
21.125	86.125
21.125	86.375
21.125	86.625
21.375	70.125
21.375	70.375
21.375	70.625
21.375	70.875
21.375	71.125
21.375	71.375
21.375	71.625
21.375	71.875
21.375	72.875
21.375	73.125
21.375	73.375
21.375	73.625
21.375	73.875
21.375	74.125
21.375	74.375
21.375	74.625
21.375	74.875
21.375	75.125
21.375	75.375
21.375	75.625
21.375	75.875
21.375	76.125
21.375	76.375
21.375	76.625
21.375	76.875
21.375	77.125
21.375	77.375
21.375	77.625
21.375	77.875
21.375	78.125
21.375	78.375
21.375	78.625
21.375	78.875
21.375	79.125
21.375	79.375
21.375	79.625
21.375	79.875
21.375	80.125
21.375	80.375
21.375	80.625
21.375	80.875
21.375	81.125
21.375	81.375
21.375	81.625
21.375	81.875
21.375	82.125
21.375	82.375
21.375	82.625
21.375	82.875
21.375	83.125
21.375	83.375
21.375	83.625
21.375	83.875
21.375	84.125
21.375	84.375
21.375	84.625
21.375	84.875
21.375	85.125
21.375	85.375
21.375	85.625
21.375	85.875
21.375	86.125
21.375	86.375
21.375	86.625
21.625	69.875
21.625	70.125
21.625	70.375
21.625	70.625
21.625	70.875
21.625	71.125
21.625	71.375
21.625	71.625
21.625	71.875
21.625	72.875
21.625	73.125
21.625	73.375
21.625	73.625
21.625	73.875
21.625	74.125
21.625	74.375
21.625	74.625
21.625	74.875
21.625	75.125
21.625	75.375
21.625	75.625
21.625	75.875
21.625	76.125
21.625	76.375
21.625	76.625
21.625	76.875
21.625	77.125
21.625	77.375
21.625	77.625
21.625	77.875
21.625	78.125
21.625	78.375
21.625	78.625
21.625	78.875
21.625	79.125
21.625	79.375
21.625	79.625
21.625	79.875
21.625	80.125
21.625	80.375
21.625	80.625
21.625	80.875
21.625	81.125
21.625	81.375
21.625	81.625
21.625	81.875
21.625	82.125
21.625	82.375
21.625	82.625
21.625	82.875
21.625	83.125
21.625	83.375
21.625	83.625
21.625	83.875
21.625	84.125
21.625	84.375
21.625	84.625
21.625	84.875
21.625	85.125
21.625	85.375
21.625	85.625
21.625	85.875
21.625	86.125
21.625	86.375
21.625	86.625
21.625	86.875
21.875	69.625
21.875	69.875
21.875	70.125
21.875	70.375
21.875	70.625
21.875	70.875
21.875	71.125
21.875	71.375
21.875	71.625
21.875	71.875
21.875	72.875
21.875	73.125
21.875	73.375
21.875	73.625
21.875	73.875
21.875	74.125
21.875	74.375
21.875	74.625
21.875	74.875
21.875	75.125
21.875	75.375
21.875	75.625
21.875	75.875
21.875	76.125
21.875	76.375
21.875	76.625
21.875	76.875
21.875	77.125
21.875	77.375
21.875	77.625
21.875	77.875
21.875	78.125
21.875	78.375
21.875	78.625
21.875	78.875
21.875	79.125
21.875	79.375
21.875	79.625
21.875	79.875
21.875	80.125
21.875	80.375
21.875	80.625
21.875	80.875
21.875	81.125
21.875	81.375
21.875	81.625
21.875	81.875
21.875	82.125
21.875	82.375
21.875	82.625
21.875	82.875
21.875	83.125
21.875	83.375
21.875	83.625
21.875	83.875
21.875	84.125
21.875	84.375
21.875	84.625
21.875	84.875
21.875	85.125
21.875	85.375
21.875	85.625
21.875	85.875
21.875	86.125
21.875	86.375
21.875	86.625
21.875	86.875
21.875	87.125
21.875	87.375
21.875	87.625
21.875	87.875
21.875	88.375
22.125	69.125
22.125	69.375
22.125	69.625
22.125	69.875
22.125	70.125
22.125	70.375
22.125	70.625
22.125	70.875
22.125	71.125
22.125	71.375
22.125	71.625
22.125	71.875
22.125	72.125
22.125	72.875
22.125	73.125
22.125	73.375
22.125	73.625
22.125	73.875
22.125	74.125
22.125	74.375
22.125	74.625
22.125	74.875
22.125	75.125
22.125	75.375
22.125	75.625
22.125	75.875
22.125	76.125
22.125	76.375
22.125	76.625
22.125	76.875
22.125	77.125
22.125	77.375
22.125	77.625
22.125	77.875
22.125	78.125
22.125	78.375
22.125	78.625
22.125	78.875
22.125	79.125
22.125	79.375
22.125	79.625
22.125	79.875
22.125	80.125
22.125	80.375
22.125	80.625
22.125	80.875
22.125	81.125
22.125	81.375
22.125	81.625
22.125	81.875
22.125	82.125
22.125	82.375
22.125	82.625
22.125	82.875
22.125	83.125
22.125	83.375
22.125	83.625
22.125	83.875
22.125	84.125
22.125	84.375
22.125	84.625
22.125	84.875
22.125	85.125
22.125	85.375
22.125	85.625
22.125	85.875
22.125	86.125
22.125	86.375
22.125	86.625
22.125	86.875
22.125	87.125
22.125	87.375
22.125	87.625
22.125	87.875
22.125	88.125
22.125	88.375
22.375	69.125
22.375	69.875
22.375	70.125
22.375	70.375
22.375	70.625
22.375	70.875
22.375	71.125
22.375	71.375
22.375	71.625
22.375	71.875
22.375	72.125
22.375	72.875
22.375	73.125
22.375	73.375
22.375	73.625
22.375	73.875
22.375	74.125
22.375	74.375
22.375	74.625
22.375	74.875
22.375	75.125
22.375	75.375
22.375	75.625
22.375	75.875
22.375	76.125
22.375	76.375
22.375	76.625
22.375	76.875
22.375	77.125
22.375	77.375
22.375	77.625
22.375	77.875
22.375	78.125
22.375	78.375
22.375	78.625
22.375	78.875
22.375	79.125
22.375	79.375
22.375	79.625
22.375	79.875
22.375	80.125
22.375	80.375
22.375	80.625
22.375	80.875
22.375	81.125
22.375	81.375
22.375	81.625
22.375	81.875
22.375	82.125
22.375	82.375
22.375	82.625
22.375	82.875
22.375	83.125
22.375	83.375
22.375	83.625
22.375	83.875
22.375	84.125
22.375	84.375
22.375	84.625
22.375	84.875
22.375	85.125
22.375	85.375
22.375	85.625
22.375	85.875
22.375	86.125
22.375	86.375
22.375	86.625
22.375	86.875
22.375	87.125
22.375	87.375
22.375	87.625
22.375	87.875
22.375	88.125
22.375	88.375
22.375	88.625
22.375	88.875
22.375	92.875
22.625	70.375
22.625	70.625
22.625	70.875
22.625	71.125
22.625	71.375
22.625	71.625
22.625	71.875
22.625	72.125
22.625	72.375
22.625	72.625
22.625	72.875
22.625	73.125
22.625	73.375
22.625	73.625
22.625	73.875
22.625	74.125
22.625	74.375
22.625	74.625
22.625	74.875
22.625	75.125
22.625	75.375
22.625	75.625
22.625	75.875
22.625	76.125
22.625	76.375
22.625	76.625
22.625	76.875
22.625	77.125
22.625	77.375
22.625	77.625
22.625	77.875
22.625	78.125
22.625	78.375
22.625	78.625
22.625	78.875
22.625	79.125
22.625	79.375
22.625	79.625
22.625	79.875
22.625	80.125
22.625	80.375
22.625	80.625
22.625	80.875
22.625	81.125
22.625	81.375
22.625	81.625
22.625	81.875
22.625	82.125
22.625	82.375
22.625	82.625
22.625	82.875
22.625	83.125
22.625	83.375
22.625	83.625
22.625	83.875
22.625	84.125
22.625	84.375
22.625	84.625
22.625	84.875
22.625	85.125
22.625	85.375
22.625	85.625
22.625	85.875
22.625	86.125
22.625	86.375
22.625	86.625
22.625	86.875
22.625	87.125
22.625	87.375
22.625	87.625
22.625	87.875
22.625	88.125
22.625	88.375
22.625	88.625
22.625	88.875
22.625	92.625
22.625	92.875
22.875	70.625
22.875	70.875
22.875	71.125
22.875	71.375
22.875	71.625
22.875	71.875
22.875	72.125
22.875	72.375
22.875	72.625
22.875	72.875
22.875	73.125
22.875	73.375
22.875	73.625
22.875	73.875
22.875	74.125
22.875	74.375
22.875	74.625
22.875	74.875
22.875	75.125
22.875	75.375
22.875	75.625
22.875	75.875
22.875	76.125
22.875	76.375
22.875	76.625
22.875	76.875
22.875	77.125
22.875	77.375
22.875	77.625
22.875	77.875
22.875	78.125
22.875	78.375
22.875	78.625
22.875	78.875
22.875	79.125
22.875	79.375
22.875	79.625
22.875	79.875
22.875	80.125
22.875	80.375
22.875	80.625
22.875	80.875
22.875	81.125
22.875	81.375
22.875	81.625
22.875	81.875
22.875	82.125
22.875	82.375
22.875	82.625
22.875	82.875
22.875	83.125
22.875	83.375
22.875	83.625
22.875	83.875
22.875	84.125
22.875	84.375
22.875	84.625
22.875	84.875
22.875	85.125
22.875	85.375
22.875	85.625
22.875	85.875
22.875	86.125
22.875	86.375
22.875	86.625
22.875	86.875
22.875	87.125
22.875	87.375
22.875	87.625
22.875	87.875
22.875	88.125
22.875	88.375
22.875	88.625
22.875	92.625
22.875	92.875
23.125	68.875
23.125	69.125
23.125	69.375
23.125	69.625
23.125	69.875
23.125	70.125
23.125	70.875
23.125	71.125
23.125	71.375
23.125	71.625
23.125	71.875
23.125	72.125
23.125	72.375
23.125	72.625
23.125	72.875
23.125	73.125
23.125	73.375
23.125	73.625
23.125	73.875
23.125	74.125
23.125	74.375
23.125	74.625
23.125	74.875
23.125	75.125
23.125	75.375
23.125	75.625
23.125	75.875
23.125	76.125
23.125	76.375
23.125	76.625
23.125	76.875
23.125	77.125
23.125	77.375
23.125	77.625
23.125	77.875
23.125	78.125
23.125	78.375
23.125	78.625
23.125	78.875
23.125	79.125
23.125	79.375
23.125	79.625
23.125	79.875
23.125	80.125
23.125	80.375
23.125	80.625
23.125	80.875
23.125	81.125
23.125	81.375
23.125	81.625
23.125	81.875
23.125	82.125
23.125	82.375
23.125	82.625
23.125	82.875
23.125	83.125
23.125	83.375
23.125	83.625
23.125	83.875
23.125	84.125
23.125	84.375
23.125	84.625
23.125	84.875
23.125	85.125
23.125	85.375
23.125	85.625
23.125	85.875
23.125	86.125
23.125	86.375
23.125	86.625
23.125	86.875
23.125	87.125
23.125	87.375
23.125	87.625
23.125	87.875
23.125	88.125
23.125	88.375
23.125	88.625
23.125	92.625
23.125	92.875
23.375	68.875
23.375	69.125
23.375	69.375
23.375	69.625
23.375	69.875
23.375	70.125
23.375	70.375
23.375	70.625
23.375	70.875
23.375	71.125
23.375	71.375
23.375	71.625
23.375	71.875
23.375	72.125
23.375	72.375
23.375	72.625
23.375	72.875
23.375	73.125
23.375	73.375
23.375	73.625
23.375	73.875
23.375	74.125
23.375	74.375
23.375	74.625
23.375	74.875
23.375	75.125
23.375	75.375
23.375	75.625
23.375	75.875
23.375	76.125
23.375	76.375
23.375	76.625
23.375	76.875
23.375	77.125
23.375	77.375
23.375	77.625
23.375	77.875
23.375	78.125
23.375	78.375
23.375	78.625
23.375	78.875
23.375	79.125
23.375	79.375
23.375	79.625
23.375	79.875
23.375	80.125
23.375	80.375
23.375	80.625
23.375	80.875
23.375	81.125
23.375	81.375
23.375	81.625
23.375	81.875
23.375	82.125
23.375	82.375
23.375	82.625
23.375	82.875
23.375	83.125
23.375	83.375
23.375	83.625
23.375	83.875
23.375	84.125
23.375	84.375
23.375	84.625
23.375	84.875
23.375	85.125
23.375	85.375
23.375	85.625
23.375	85.875
23.375	86.125
23.375	86.375
23.375	86.625
23.375	86.875
23.375	87.125
23.375	87.375
23.375	87.625
23.375	87.875
23.375	88.125
23.375	88.375
23.375	88.625
23.375	91.375
23.375	91.625
23.375	92.625
23.375	92.875
23.375	93.125
23.625	68.625
23.625	68.875
23.625	69.125
23.625	69.375
23.625	69.625
23.625	69.875
23.625	70.125
23.625	70.375
23.625	70.625
23.625	70.875
23.625	71.125
23.625	71.375
23.625	71.625
23.625	71.875
23.625	72.125
23.625	72.375
23.625	72.625
23.625	72.875
23.625	73.125
23.625	73.375
23.625	73.625
23.625	73.875
23.625	74.125
23.625	74.375
23.625	74.625
23.625	74.875
23.625	75.125
23.625	75.375
23.625	75.625
23.625	75.875
23.625	76.125
23.625	76.375
23.625	76.625
23.625	76.875
23.625	77.125
23.625	77.375
23.625	77.625
23.625	77.875
23.625	78.125
23.625	78.375
23.625	78.625
23.625	78.875
23.625	79.125
23.625	79.375
23.625	79.625
23.625	79.875
23.625	80.125
23.625	80.375
23.625	80.625
23.625	80.875
23.625	81.125
23.625	81.375
23.625	81.625
23.625	81.875
23.625	82.125
23.625	82.375
23.625	82.625
23.625	82.875
23.625	83.125
23.625	83.375
23.625	83.625
23.625	83.875
23.625	84.125
23.625	84.375
23.625	84.625
23.625	84.875
23.625	85.125
23.625	85.375
23.625	85.625
23.625	85.875
23.625	86.125
23.625	86.375
23.625	86.625
23.625	86.875
23.625	87.125
23.625	87.375
23.625	87.625
23.625	87.875
23.625	88.125
23.625	88.375
23.625	91.375
23.625	91.625
23.625	92.375
23.625	92.625
23.625	92.875
23.625	93.125
23.875	68.875
23.875	69.125
23.875	69.375
23.875	69.625
23.875	69.875
23.875	70.125
23.875	70.375
23.875	70.625
23.875	70.875
23.875	71.125
23.875	71.375
23.875	71.625
23.875	71.875
23.875	72.125
23.875	72.375
23.875	72.625
23.875	72.875
23.875	73.125
23.875	73.375
23.875	73.625
23.875	73.875
23.875	74.125
23.875	74.375
23.875	74.625
23.875	74.875
23.875	75.125
23.875	75.375
23.875	75.625
23.875	75.875
23.875	76.125
23.875	76.375
23.875	76.625
23.875	76.875
23.875	77.125
23.875	77.375
23.875	77.625
23.875	77.875
23.875	78.125
23.875	78.375
23.875	78.625
23.875	78.875
23.875	79.125
23.875	79.375
23.875	79.625
23.875	79.875
23.875	80.125
23.875	80.375
23.875	80.625
23.875	80.875
23.875	81.125
23.875	81.375
23.875	81.625
23.875	81.875
23.875	82.125
23.875	82.375
23.875	82.625
23.875	82.875
23.875	83.125
23.875	83.375
23.875	83.625
23.875	83.875
23.875	84.125
23.875	84.375
23.875	84.625
23.875	84.875
23.875	85.125
23.875	85.375
23.875	85.625
23.875	85.875
23.875	86.125
23.875	86.375
23.875	86.625
23.875	86.875
23.875	87.125
23.875	87.375
23.875	87.625
23.875	87.875
23.875	88.125
23.875	88.375
23.875	91.375
23.875	91.625
23.875	91.875
23.875	92.125
23.875	92.375
23.875	92.625
23.875	92.875
23.875	93.125
24.125	68.875
24.125	69.125
24.125	69.375
24.125	69.625
24.125	69.875
24.125	70.125
24.125	70.375
24.125	70.625
24.125	70.875
24.125	71.125
24.125	71.375
24.125	71.625
24.125	71.875
24.125	72.125
24.125	72.375
24.125	72.625
24.125	72.875
24.125	73.125
24.125	73.375
24.125	73.625
24.125	73.875
24.125	74.125
24.125	74.375
24.125	74.625
24.125	74.875
24.125	75.125
24.125	75.375
24.125	75.625
24.125	75.875
24.125	76.125
24.125	76.375
24.125	76.625
24.125	76.875
24.125	77.125
24.125	77.375
24.125	77.625
24.125	77.875
24.125	78.125
24.125	78.375
24.125	78.625
24.125	78.875
24.125	79.125
24.125	79.375
24.125	79.625
24.125	79.875
24.125	80.125
24.125	80.375
24.125	80.625
24.125	80.875
24.125	81.125
24.125	81.375
24.125	81.625
24.125	81.875
24.125	82.125
24.125	82.375
24.125	82.625
24.125	82.875
24.125	83.125
24.125	83.375
24.125	83.625
24.125	83.875
24.125	84.125
24.125	84.375
24.125	84.625
24.125	84.875
24.125	85.125
24.125	85.375
24.125	85.625
24.125	85.875
24.125	86.125
24.125	86.375
24.125	86.625
24.125	86.875
24.125	87.125
24.125	87.375
24.125	87.625
24.125	87.875
24.125	88.125
24.125	88.375
24.125	91.875
24.125	92.125
24.125	92.375
24.125	92.625
24.125	92.875
24.125	93.125
24.125	93.375
24.125	93.625
24.125	93.875
24.375	71.375
24.375	71.625
24.375	71.875
24.375	72.125
24.375	72.375
24.375	72.625
24.375	72.875
24.375	73.125
24.375	73.375
24.375	73.625
24.375	73.875
24.375	74.125
24.375	74.375
24.375	74.625
24.375	74.875
24.375	75.125
24.375	75.375
24.375	75.625
24.375	75.875
24.375	76.125
24.375	76.375
24.375	76.625
24.375	76.875
24.375	77.125
24.375	77.375
24.375	77.625
24.375	77.875
24.375	78.125
24.375	78.375
24.375	78.625
24.375	78.875
24.375	79.125
24.375	79.375
24.375	79.625
24.375	79.875
24.375	80.125
24.375	80.375
24.375	80.625
24.375	80.875
24.375	81.125
24.375	81.375
24.375	81.625
24.375	81.875
24.375	82.125
24.375	82.375
24.375	82.625
24.375	82.875
24.375	83.125
24.375	83.375
24.375	83.625
24.375	83.875
24.375	84.125
24.375	84.375
24.375	84.625
24.375	84.875
24.375	85.125
24.375	85.375
24.375	85.625
24.375	85.875
24.375	86.125
24.375	86.375
24.375	86.625
24.375	86.875
24.375	87.125
24.375	87.375
24.375	87.625
24.375	87.875
24.375	88.125
24.375	92.375
24.375	92.625
24.375	92.875
24.375	93.125
24.375	93.375
24.375	93.625
24.375	93.875
24.375	94.125
24.625	71.125
24.625	71.375
24.625	71.625
24.625	71.875
24.625	72.125
24.625	72.375
24.625	72.625
24.625	72.875
24.625	73.125
24.625	73.375
24.625	73.625
24.625	73.875
24.625	74.125
24.625	74.375
24.625	74.625
24.625	74.875
24.625	75.125
24.625	75.375
24.625	75.625
24.625	75.875
24.625	76.125
24.625	76.375
24.625	76.625
24.625	76.875
24.625	77.125
24.625	77.375
24.625	77.625
24.625	77.875
24.625	78.125
24.625	78.375
24.625	78.625
24.625	78.875
24.625	79.125
24.625	79.375
24.625	79.625
24.625	79.875
24.625	80.125
24.625	80.375
24.625	80.625
24.625	80.875
24.625	81.125
24.625	81.375
24.625	81.625
24.625	81.875
24.625	82.125
24.625	82.375
24.625	82.625
24.625	82.875
24.625	83.125
24.625	83.375
24.625	83.625
24.625	83.875
24.625	84.125
24.625	84.375
24.625	84.625
24.625	84.875
24.625	85.125
24.625	85.375
24.625	85.625
24.625	85.875
24.625	86.125
24.625	86.375
24.625	86.625
24.625	86.875
24.625	87.125
24.625	87.375
24.625	87.625
24.625	87.875
24.625	92.375
24.625	92.625
24.625	92.875
24.625	93.125
24.625	93.375
24.625	93.625
24.625	93.875
24.625	94.125
24.875	71.125
24.875	71.375
24.875	71.625
24.875	71.875
24.875	72.125
24.875	72.375
24.875	72.625
24.875	72.875
24.875	73.125
24.875	73.375
24.875	73.625
24.875	73.875
24.875	74.125
24.875	74.375
24.875	74.625
24.875	74.875
24.875	75.125
24.875	75.375
24.875	75.625
24.875	75.875
24.875	76.125
24.875	76.375
24.875	76.625
24.875	76.875
24.875	77.125
24.875	77.375
24.875	77.625
24.875	77.875
24.875	78.125
24.875	78.375
24.875	78.625
24.875	78.875
24.875	79.125
24.875	79.375
24.875	79.625
24.875	79.875
24.875	80.125
24.875	80.375
24.875	80.625
24.875	80.875
24.875	81.125
24.875	81.375
24.875	81.625
24.875	81.875
24.875	82.125
24.875	82.375
24.875	82.625
24.875	82.875
24.875	83.125
24.875	83.375
24.875	83.625
24.875	83.875
24.875	84.125
24.875	84.375
24.875	84.625
24.875	84.875
24.875	85.125
24.875	85.375
24.875	85.625
24.875	85.875
24.875	86.125
24.875	86.375
24.875	86.625
24.875	86.875
24.875	87.125
24.875	87.375
24.875	87.625
24.875	87.875
24.875	92.625
24.875	92.875
24.875	93.125
24.875	93.375
24.875	93.625
24.875	93.875
24.875	94.125
24.875	94.375
25.125	71.125
25.125	71.375
25.125	71.625
25.125	71.875
25.125	72.125
25.125	72.375
25.125	72.625
25.125	72.875
25.125	73.125
25.125	73.375
25.125	73.625
25.125	73.875
25.125	74.125
25.125	74.375
25.125	74.625
25.125	74.875
25.125	75.125
25.125	75.375
25.125	75.625
25.125	75.875
25.125	76.125
25.125	76.375
25.125	76.625
25.125	76.875
25.125	77.125
25.125	77.375
25.125	77.625
25.125	77.875
25.125	78.125
25.125	78.375
25.125	78.625
25.125	78.875
25.125	79.125
25.125	79.375
25.125	79.625
25.125	79.875
25.125	80.125
25.125	80.375
25.125	80.625
25.125	80.875
25.125	81.125
25.125	81.375
25.125	81.625
25.125	81.875
25.125	82.125
25.125	82.375
25.125	82.625
25.125	82.875
25.125	83.125
25.125	83.375
25.125	83.625
25.125	83.875
25.125	84.125
25.125	84.375
25.125	84.625
25.125	84.875
25.125	85.125
25.125	85.375
25.125	85.625
25.125	85.875
25.125	86.125
25.125	86.375
25.125	86.625
25.125	86.875
25.125	87.125
25.125	87.375
25.125	87.625
25.125	87.875
25.125	88.125
25.125	92.375
25.125	92.625
25.125	92.875
25.125	93.125
25.125	93.375
25.125	93.625
25.125	93.875
25.125	94.125
25.125	94.375
25.375	70.875
25.375	71.125
25.375	71.375
25.375	71.625
25.375	71.875
25.375	72.125
25.375	72.375
25.375	72.625
25.375	72.875
25.375	73.125
25.375	73.375
25.375	73.625
25.375	73.875
25.375	74.125
25.375	74.375
25.375	74.625
25.375	74.875
25.375	75.125
25.375	75.375
25.375	75.625
25.375	75.875
25.375	76.125
25.375	76.375
25.375	76.625
25.375	76.875
25.375	77.125
25.375	77.375
25.375	77.625
25.375	77.875
25.375	78.125
25.375	78.375
25.375	78.625
25.375	78.875
25.375	79.125
25.375	79.375
25.375	79.625
25.375	79.875
25.375	80.125
25.375	80.375
25.375	80.625
25.375	80.875
25.375	81.125
25.375	81.375
25.375	81.625
25.375	81.875
25.375	82.125
25.375	82.375
25.375	82.625
25.375	82.875
25.375	83.125
25.375	83.375
25.375	83.625
25.375	83.875
25.375	84.125
25.375	84.375
25.375	84.625
25.375	84.875
25.375	85.125
25.375	85.375
25.375	85.625
25.375	85.875
25.375	86.125
25.375	86.375
25.375	86.625
25.375	86.875
25.375	87.125
25.375	87.375
25.375	87.625
25.375	87.875
25.375	88.125
25.375	88.375
25.375	88.625
25.375	90.375
25.375	90.625
25.375	90.875
25.375	91.125
25.375	91.375
25.375	91.625
25.375	91.875
25.375	92.125
25.375	92.375
25.375	92.625
25.375	92.875
25.375	93.125
25.375	93.375
25.375	93.625
25.375	93.875
25.375	94.125
25.375	94.375
25.625	70.875
25.625	71.125
25.625	71.375
25.625	71.625
25.625	71.875
25.625	72.125
25.625	72.375
25.625	72.625
25.625	72.875
25.625	73.125
25.625	73.375
25.625	73.625
25.625	73.875
25.625	74.125
25.625	74.375
25.625	74.625
25.625	74.875
25.625	75.125
25.625	75.375
25.625	75.625
25.625	75.875
25.625	76.125
25.625	76.375
25.625	76.625
25.625	76.875
25.625	77.125
25.625	77.375
25.625	77.625
25.625	77.875
25.625	78.125
25.625	78.375
25.625	78.625
25.625	78.875
25.625	79.125
25.625	79.375
25.625	79.625
25.625	79.875
25.625	80.125
25.625	80.375
25.625	80.625
25.625	80.875
25.625	81.125
25.625	81.375
25.625	81.625
25.625	81.875
25.625	82.125
25.625	82.375
25.625	82.625
25.625	82.875
25.625	83.125
25.625	83.375
25.625	83.625
25.625	83.875
25.625	84.125
25.625	84.375
25.625	84.625
25.625	84.875
25.625	85.125
25.625	85.375
25.625	85.625
25.625	85.875
25.625	86.125
25.625	86.375
25.625	86.625
25.625	86.875
25.625	87.125
25.625	87.375
25.625	87.625
25.625	87.875
25.625	88.125
25.625	90.125
25.625	90.375
25.625	90.625
25.625	90.875
25.625	91.125
25.625	91.375
25.625	91.625
25.625	91.875
25.625	92.125
25.625	92.375
25.625	92.625
25.625	92.875
25.625	93.125
25.625	93.375
25.625	93.625
25.625	93.875
25.625	94.125
25.625	94.375
25.875	70.375
25.875	70.625
25.875	70.875
25.875	71.125
25.875	71.375
25.875	71.625
25.875	71.875
25.875	72.125
25.875	72.375
25.875	72.625
25.875	72.875
25.875	73.125
25.875	73.375
25.875	73.625
25.875	73.875
25.875	74.125
25.875	74.375
25.875	74.625
25.875	74.875
25.875	75.125
25.875	75.375
25.875	75.625
25.875	75.875
25.875	76.125
25.875	76.375
25.875	76.625
25.875	76.875
25.875	77.125
25.875	77.375
25.875	77.625
25.875	77.875
25.875	78.125
25.875	78.375
25.875	78.625
25.875	78.875
25.875	79.125
25.875	79.375
25.875	79.625
25.875	79.875
25.875	80.125
25.875	80.375
25.875	80.625
25.875	80.875
25.875	81.125
25.875	81.375
25.875	81.625
25.875	81.875
25.875	82.125
25.875	82.375
25.875	82.625
25.875	82.875
25.875	83.125
25.875	83.375
25.875	83.625
25.875	83.875
25.875	84.125
25.875	84.375
25.875	84.625
25.875	84.875
25.875	85.125
25.875	85.375
25.875	85.625
25.875	85.875
25.875	86.125
25.875	86.375
25.875	86.625
25.875	86.875
25.875	87.125
25.875	87.375
25.875	87.625
25.875	87.875
25.875	90.125
25.875	90.375
25.875	90.625
25.875	90.875
25.875	91.125
25.875	91.375
25.875	91.625
25.875	91.875
25.875	92.125
25.875	92.375
25.875	92.625
25.875	92.875
25.875	93.125
25.875	93.375
25.875	93.625
25.875	93.875
25.875	94.125
25.875	94.375
25.875	94.625
25.875	94.875
26.125	70.375
26.125	70.625
26.125	70.875
26.125	71.125
26.125	71.375
26.125	71.625
26.125	71.875
26.125	72.125
26.125	72.375
26.125	72.625
26.125	72.875
26.125	73.125
26.125	73.375
26.125	73.625
26.125	73.875
26.125	74.125
26.125	74.375
26.125	74.625
26.125	74.875
26.125	75.125
26.125	75.375
26.125	75.625
26.125	75.875
26.125	76.125
26.125	76.375
26.125	76.625
26.125	76.875
26.125	77.125
26.125	77.375
26.125	77.625
26.125	77.875
26.125	78.125
26.125	78.375
26.125	78.625
26.125	78.875
26.125	79.125
26.125	79.375
26.125	79.625
26.125	79.875
26.125	80.125
26.125	80.375
26.125	80.625
26.125	80.875
26.125	81.125
26.125	81.375
26.125	81.625
26.125	81.875
26.125	82.125
26.125	82.375
26.125	82.625
26.125	82.875
26.125	83.125
26.125	83.375
26.125	83.625
26.125	83.875
26.125	84.125
26.125	84.375
26.125	84.625
26.125	84.875
26.125	85.125
26.125	85.375
26.125	85.625
26.125	85.875
26.125	86.125
26.125	86.375
26.125	86.625
26.125	86.875
26.125	87.125
26.125	87.375
26.125	87.625
26.125	87.875
26.125	88.125
26.125	89.875
26.125	90.125
26.125	90.375
26.125	90.625
26.125	90.875
26.125	91.125
26.125	91.375
26.125	91.625
26.125	91.875
26.125	92.125
26.125	92.375
26.125	92.625
26.125	92.875
26.125	93.125
26.125	93.375
26.125	93.625
26.125	93.875
26.125	94.125
26.125	94.375
26.125	94.625
26.125	94.875
26.375	70.375
26.375	70.625
26.375	70.875
26.375	71.125
26.375	71.375
26.375	71.625
26.375	71.875
26.375	72.125
26.375	72.375
26.375	72.625
26.375	72.875
26.375	73.125
26.375	73.375
26.375	73.625
26.375	73.875
26.375	74.125
26.375	74.375
26.375	74.625
26.375	74.875
26.375	75.125
26.375	75.375
26.375	75.625
26.375	75.875
26.375	76.125
26.375	76.375
26.375	76.625
26.375	76.875
26.375	77.125
26.375	77.375
26.375	77.625
26.375	77.875
26.375	78.125
26.375	78.375
26.375	78.625
26.375	78.875
26.375	79.125
26.375	79.375
26.375	79.625
26.375	79.875
26.375	80.125
26.375	80.375
26.375	80.625
26.375	80.875
26.375	81.125
26.375	81.375
26.375	81.625
26.375	81.875
26.375	82.125
26.375	82.375
26.375	82.625
26.375	82.875
26.375	83.125
26.375	83.375
26.375	83.625
26.375	83.875
26.375	84.125
26.375	84.375
26.375	84.625
26.375	84.875
26.375	85.125
26.375	85.375
26.375	85.625
26.375	85.875
26.375	86.125
26.375	86.375
26.375	86.625
26.375	86.875
26.375	87.125
26.375	87.625
26.375	87.875
26.375	88.125
26.375	88.875
26.375	89.375
26.375	89.625
26.375	89.875
26.375	90.125
26.375	90.375
26.375	90.625
26.375	90.875
26.375	91.125
26.375	91.375
26.375	91.625
26.375	91.875
26.375	92.125
26.375	92.375
26.375	92.625
26.375	92.875
26.375	93.125
26.375	93.375
26.375	93.625
26.375	93.875
26.375	94.125
26.375	94.375
26.375	94.625
26.375	94.875
26.625	70.125
26.625	70.375
26.625	70.625
26.625	70.875
26.625	71.125
26.625	71.375
26.625	71.625
26.625	71.875
26.625	72.125
26.625	72.375
26.625	72.625
26.625	72.875
26.625	73.125
26.625	73.375
26.625	73.625
26.625	73.875
26.625	74.125
26.625	74.375
26.625	74.625
26.625	74.875
26.625	75.125
26.625	75.375
26.625	75.625
26.625	75.875
26.625	76.125
26.625	76.375
26.625	76.625
26.625	76.875
26.625	77.125
26.625	77.375
26.625	77.625
26.625	77.875
26.625	78.125
26.625	78.375
26.625	78.625
26.625	78.875
26.625	79.125
26.625	79.375
26.625	79.625
26.625	79.875
26.625	80.125
26.625	80.375
26.625	80.625
26.625	80.875
26.625	81.125
26.625	81.375
26.625	81.625
26.625	81.875
26.625	82.125
26.625	82.375
26.625	82.625
26.625	82.875
26.625	83.125
26.625	83.375
26.625	83.625
26.625	83.875
26.625	84.125
26.625	84.375
26.625	84.625
26.625	84.875
26.625	85.125
26.625	85.375
26.625	85.625
26.625	88.375
26.625	88.625
26.625	88.875
26.625	89.125
26.625	89.375
26.625	89.625
26.625	89.875
26.625	90.125
26.625	90.375
26.625	90.625
26.625	90.875
26.625	91.125
26.625	91.375
26.625	91.625
26.625	91.875
26.625	92.125
26.625	92.375
26.625	92.625
26.625	92.875
26.625	93.125
26.625	93.375
26.625	93.625
26.625	93.875
26.625	94.125
26.625	94.375
26.625	94.625
26.625	94.875
26.875	69.625
26.875	69.875
26.875	70.125
26.875	70.375
26.875	70.625
26.875	70.875
26.875	71.125
26.875	71.375
26.875	71.625
26.875	71.875
26.875	72.125
26.875	72.375
26.875	72.625
26.875	72.875
26.875	73.125
26.875	73.375
26.875	73.625
26.875	73.875
26.875	74.125
26.875	74.375
26.875	74.625
26.875	74.875
26.875	75.125
26.875	75.375
26.875	75.625
26.875	75.875
26.875	76.125
26.875	76.375
26.875	76.625
26.875	76.875
26.875	77.125
26.875	77.375
26.875	77.625
26.875	77.875
26.875	78.125
26.875	78.375
26.875	78.625
26.875	78.875
26.875	79.125
26.875	79.375
26.875	79.625
26.875	79.875
26.875	80.125
26.875	80.375
26.875	80.625
26.875	80.875
26.875	81.125
26.875	81.375
26.875	81.625
26.875	81.875
26.875	82.125
26.875	82.375
26.875	82.625
26.875	82.875
26.875	83.125
26.875	83.375
26.875	83.625
26.875	83.875
26.875	84.125
26.875	84.375
26.875	84.625
26.875	84.875
26.875	88.375
26.875	88.625
26.875	88.875
26.875	92.375
26.875	92.625
26.875	92.875
26.875	93.125
26.875	93.375
26.875	93.625
26.875	93.875
26.875	94.125
26.875	94.375
26.875	94.625
26.875	94.875
26.875	95.125
27.125	69.875
27.125	70.125
27.125	70.375
27.125	70.625
27.125	70.875
27.125	71.125
27.125	71.375
27.125	71.625
27.125	71.875
27.125	72.125
27.125	72.375
27.125	72.625
27.125	72.875
27.125	73.125
27.125	73.375
27.125	73.625
27.125	73.875
27.125	74.125
27.125	74.375
27.125	74.625
27.125	74.875
27.125	75.125
27.125	75.375
27.125	75.625
27.125	75.875
27.125	76.125
27.125	76.375
27.125	76.625
27.125	76.875
27.125	77.125
27.125	77.375
27.125	77.625
27.125	77.875
27.125	78.125
27.125	78.375
27.125	78.625
27.125	78.875
27.125	79.125
27.125	79.375
27.125	79.625
27.125	79.875
27.125	80.125
27.125	80.375
27.125	80.625
27.125	80.875
27.125	81.125
27.125	81.375
27.125	81.625
27.125	81.875
27.125	82.125
27.125	82.375
27.125	82.625
27.125	82.875
27.125	83.125
27.125	83.375
27.125	83.625
27.125	83.875
27.125	84.125
27.125	84.375
27.125	84.625
27.125	88.125
27.125	88.375
27.125	88.625
27.125	92.125
27.125	92.375
27.125	92.625
27.125	92.875
27.125	93.125
27.125	93.375
27.125	93.625
27.125	93.875
27.125	94.125
27.125	94.375
27.125	94.625
27.125	94.875
27.125	95.125
27.125	95.375
27.125	95.625
27.375	70.125
27.375	70.375
27.375	70.625
27.375	70.875
27.375	71.125
27.375	71.375
27.375	71.625
27.375	71.875
27.375	72.125
27.375	72.375
27.375	72.625
27.375	72.875
27.375	73.125
27.375	73.375
27.375	73.625
27.375	73.875
27.375	74.125
27.375	74.375
27.375	74.625
27.375	74.875
27.375	75.125
27.375	75.375
27.375	75.625
27.375	75.875
27.375	76.125
27.375	76.375
27.375	76.625
27.375	76.875
27.375	77.125
27.375	77.375
27.375	77.625
27.375	77.875
27.375	78.125
27.375	78.375
27.375	78.625
27.375	78.875
27.375	79.125
27.375	79.375
27.375	79.625
27.375	79.875
27.375	80.125
27.375	80.375
27.375	80.625
27.375	80.875
27.375	81.125
27.375	81.375
27.375	81.625
27.375	81.875
27.375	82.125
27.375	82.375
27.375	82.625
27.375	82.875
27.375	83.125
27.375	83.625
27.375	84.125
27.375	88.125
27.375	88.375
27.375	88.625
27.375	92.125
27.375	92.375
27.375	92.625
27.375	92.875
27.375	93.125
27.375	93.375
27.375	93.625
27.375	93.875
27.375	94.125
27.375	94.375
27.375	94.625
27.375	94.875
27.375	95.125
27.375	95.375
27.375	95.625
27.375	95.875
27.375	96.875
27.625	70.125
27.625	70.375
27.625	70.625
27.625	70.875
27.625	71.125
27.625	71.375
27.625	71.625
27.625	71.875
27.625	72.125
27.625	72.375
27.625	72.625
27.625	72.875
27.625	73.125
27.625	73.375
27.625	73.625
27.625	73.875
27.625	74.125
27.625	74.375
27.625	74.625
27.625	74.875
27.625	75.125
27.625	75.375
27.625	75.625
27.625	75.875
27.625	76.125
27.625	76.375
27.625	76.625
27.625	76.875
27.625	77.125
27.625	77.375
27.625	77.625
27.625	77.875
27.625	78.125
27.625	78.375
27.625	78.625
27.625	78.875
27.625	79.125
27.625	79.375
27.625	79.625
27.625	79.875
27.625	80.125
27.625	80.375
27.625	80.625
27.625	80.875
27.625	81.125
27.625	81.375
27.625	81.625
27.625	81.875
27.625	82.125
27.625	82.375
27.625	82.625
27.625	88.375
27.625	88.625
27.625	91.875
27.625	92.125
27.625	92.375
27.625	92.625
27.625	92.875
27.625	93.125
27.625	93.375
27.625	93.625
27.625	93.875
27.625	94.125
27.625	94.375
27.625	94.625
27.625	94.875
27.625	95.125
27.625	95.375
27.625	95.625
27.625	95.875
27.625	96.125
27.625	96.375
27.625	96.625
27.625	96.875
27.875	70.375
27.875	71.875
27.875	72.125
27.875	72.375
27.875	72.625
27.875	72.875
27.875	73.125
27.875	73.375
27.875	73.625
27.875	73.875
27.875	74.125
27.875	74.375
27.875	74.625
27.875	74.875
27.875	75.125
27.875	75.375
27.875	75.625
27.875	75.875
27.875	76.125
27.875	76.375
27.875	76.625
27.875	76.875
27.875	77.125
27.875	77.375
27.875	77.625
27.875	77.875
27.875	78.125
27.875	78.375
27.875	78.625
27.875	78.875
27.875	79.125
27.875	79.375
27.875	79.625
27.875	79.875
27.875	80.125
27.875	80.375
27.875	80.625
27.875	80.875
27.875	81.125
27.875	81.375
27.875	81.625
27.875	88.375
27.875	88.625
27.875	92.875
27.875	93.125
27.875	93.375
27.875	93.625
27.875	93.875
27.875	94.125
27.875	94.375
27.875	94.625
27.875	94.875
27.875	95.125
27.875	95.375
27.875	95.625
27.875	95.875
27.875	96.125
27.875	96.375
27.875	96.625
27.875	96.875
28.125	72.125
28.125	72.375
28.125	72.625
28.125	72.875
28.125	73.125
28.125	73.375
28.125	73.625
28.125	73.875
28.125	74.125
28.125	74.375
28.125	74.625
28.125	74.875
28.125	75.125
28.125	75.375
28.125	75.625
28.125	75.875
28.125	76.125
28.125	76.375
28.125	76.625
28.125	76.875
28.125	77.125
28.125	77.375
28.125	77.625
28.125	77.875
28.125	78.125
28.125	78.375
28.125	78.625
28.125	78.875
28.125	79.125
28.125	79.375
28.125	79.625
28.125	79.875
28.125	80.125
28.125	80.375
28.125	80.625
28.125	80.875
28.125	81.125
28.125	81.375
28.125	92.875
28.125	93.125
28.125	93.375
28.125	93.625
28.125	93.875
28.125	94.125
28.125	94.375
28.125	94.625
28.125	94.875
28.125	95.125
28.125	95.375
28.125	95.625
28.125	95.875
28.125	96.125
28.125	96.375
28.125	96.625
28.125	96.875
28.125	97.125
28.375	72.375
28.375	72.625
28.375	72.875
28.375	73.125
28.375	73.375
28.375	73.625
28.375	73.875
28.375	74.125
28.375	74.375
28.375	74.625
28.375	74.875
28.375	75.125
28.375	75.375
28.375	75.625
28.375	75.875
28.375	76.125
28.375	76.375
28.375	76.625
28.375	76.875
28.375	77.125
28.375	77.375
28.375	77.625
28.375	77.875
28.375	78.125
28.375	78.375
28.375	78.625
28.375	78.875
28.375	79.125
28.375	79.375
28.375	79.625
28.375	79.875
28.375	80.125
28.375	80.375
28.375	80.625
28.375	80.875
28.375	81.125
28.375	93.375
28.375	93.625
28.375	93.875
28.375	94.125
28.375	94.375
28.375	94.625
28.375	94.875
28.375	95.125
28.375	95.375
28.375	95.625
28.375	95.875
28.375	96.125
28.375	96.625
28.625	72.375
28.625	72.625
28.625	72.875
28.625	73.125
28.625	73.375
28.625	73.625
28.625	73.875
28.625	74.125
28.625	74.375
28.625	74.625
28.625	74.875
28.625	75.125
28.625	75.375
28.625	75.625
28.625	75.875
28.625	76.125
28.625	76.375
28.625	76.625
28.625	76.875
28.625	77.125
28.625	77.375
28.625	77.625
28.625	77.875
28.625	78.125
28.625	78.375
28.625	78.625
28.625	78.875
28.625	79.125
28.625	79.375
28.625	79.625
28.625	79.875
28.625	80.125
28.625	93.625
28.625	93.875
28.625	94.125
28.625	94.375
28.625	94.625
28.625	94.875
28.625	95.125
28.625	95.375
28.625	95.625
28.625	95.875
28.625	96.125
28.625	96.375
28.875	72.875
28.875	73.125
28.875	73.375
28.875	73.625
28.875	73.875
28.875	74.125
28.875	74.375
28.875	74.625
28.875	74.875
28.875	75.125
28.875	75.375
28.875	75.625
28.875	75.875
28.875	76.125
28.875	76.375
28.875	76.625
28.875	76.875
28.875	77.125
28.875	77.375
28.875	77.625
28.875	77.875
28.875	78.125
28.875	78.375
28.875	78.625
28.875	78.875
28.875	79.125
28.875	79.375
28.875	79.625
28.875	79.875
28.875	94.125
28.875	94.375
28.875	94.625
28.875	94.875
28.875	95.125
28.875	95.375
28.875	95.625
28.875	95.875
28.875	96.125
28.875	96.375
29.125	73.125
29.125	73.375
29.125	73.625
29.125	73.875
29.125	74.125
29.125	74.375
29.125	74.625
29.125	74.875
29.125	75.125
29.125	75.375
29.125	75.625
29.125	75.875
29.125	76.125
29.125	76.375
29.125	76.625
29.125	76.875
29.125	77.125
29.125	77.375
29.125	77.625
29.125	77.875
29.125	78.125
29.125	78.375
29.125	78.625
29.125	78.875
29.125	79.125
29.125	79.375
29.125	79.625
29.125	79.875
29.125	94.375
29.125	94.625
29.125	94.875
29.125	95.625
29.125	95.875
29.125	96.125
29.375	73.375
29.375	73.625
29.375	73.875
29.375	74.125
29.375	74.375
29.375	74.625
29.375	74.875
29.375	75.125
29.375	75.375
29.375	75.625
29.375	75.875
29.375	76.125
29.375	76.375
29.375	76.625
29.375	76.875
29.375	77.125
29.375	77.375
29.375	77.625
29.375	77.875
29.375	78.125
29.375	78.375
29.375	78.625
29.375	78.875
29.375	79.125
29.375	79.375
29.375	79.625
29.375	79.875
29.375	80.125
29.375	96.125
29.625	73.375
29.625	73.625
29.625	73.875
29.625	74.125
29.625	74.375
29.625	74.625
29.625	74.875
29.625	75.125
29.625	75.375
29.625	75.625
29.625	75.875
29.625	76.125
29.625	76.375
29.625	76.625
29.625	76.875
29.625	77.125
29.625	77.375
29.625	77.625
29.625	77.875
29.625	78.125
29.625	78.375
29.625	78.625
29.625	78.875
29.625	79.125
29.625	79.375
29.625	79.625
29.625	79.875
29.625	80.125
29.875	73.625
29.875	73.875
29.875	74.125
29.875	74.375
29.875	74.625
29.875	74.875
29.875	75.125
29.875	75.375
29.875	75.625
29.875	75.875
29.875	76.125
29.875	76.375
29.875	76.625
29.875	76.875
29.875	77.125
29.875	77.375
29.875	77.625
29.875	77.875
29.875	78.125
29.875	78.375
29.875	78.625
29.875	78.875
29.875	79.125
29.875	79.375
29.875	79.625
29.875	79.875
29.875	80.125
30.125	74.125
30.125	74.375
30.125	74.625
30.125	74.875
30.125	75.125
30.125	75.375
30.125	75.625
30.125	75.875
30.125	76.125
30.125	76.375
30.125	76.625
30.125	76.875
30.125	77.125
30.125	77.375
30.125	77.625
30.125	77.875
30.125	78.125
30.125	78.375
30.125	78.625
30.125	78.875
30.125	79.125
30.125	79.375
30.125	79.625
30.125	79.875
30.125	80.125
30.125	80.375
30.375	74.125
30.375	74.375
30.375	74.625
30.375	74.875
30.375	75.125
30.375	75.375
30.375	75.625
30.375	75.875
30.375	76.125
30.375	76.375
30.375	76.625
30.375	76.875
30.375	77.125
30.375	77.375
30.375	77.625
30.375	77.875
30.375	78.125
30.375	78.375
30.375	78.625
30.375	78.875
30.375	79.125
30.375	79.375
30.375	79.625
30.375	79.875
30.375	80.125
30.375	80.375
30.375	80.625
30.625	74.375
30.625	74.625
30.625	74.875
30.625	75.125
30.625	75.375
30.625	75.625
30.625	75.875
30.625	76.125
30.625	76.375
30.625	76.625
30.625	76.875
30.625	77.125
30.625	77.375
30.625	77.625
30.625	77.875
30.625	78.125
30.625	78.375
30.625	78.625
30.625	78.875
30.625	79.125
30.625	79.375
30.625	79.625
30.625	79.875
30.625	80.125
30.875	74.625
30.875	74.875
30.875	75.125
30.875	75.375
30.875	75.625
30.875	75.875
30.875	76.125
30.875	76.375
30.875	76.625
30.875	76.875
30.875	77.125
30.875	77.375
30.875	77.625
30.875	77.875
30.875	78.125
30.875	78.375
30.875	78.625
30.875	78.875
30.875	79.125
30.875	79.375
30.875	79.625
30.875	79.875
31.125	74.875
31.125	75.125
31.125	75.375
31.125	75.625
31.125	75.875
31.125	76.125
31.125	76.375
31.125	76.625
31.125	76.875
31.125	77.125
31.125	77.375
31.125	77.625
31.125	77.875
31.125	78.125
31.125	78.375
31.125	78.625
31.125	78.875
31.125	79.125
31.375	74.875
31.375	75.125
31.375	75.375
31.375	75.625
31.375	75.875
31.375	76.125
31.375	76.375
31.375	76.625
31.375	76.875
31.375	77.125
31.375	77.375
31.375	77.625
31.375	77.875
31.375	78.125
31.375	78.375
31.375	78.625
31.625	74.875
31.625	75.125
31.625	75.375
31.625	75.625
31.625	75.875
31.625	76.125
31.625	76.375
31.625	76.625
31.625	76.875
31.625	77.125
31.625	77.375
31.625	77.625
31.625	77.875
31.625	78.125
31.625	78.375
31.625	78.625
31.875	74.875
31.875	75.125
31.875	75.375
31.875	75.625
31.875	75.875
31.875	76.125
31.875	76.375
31.875	76.625
31.875	76.875
31.875	77.125
31.875	77.375
31.875	77.625
31.875	77.875
31.875	78.125
31.875	78.375
31.875	78.625
32.125	75.375
32.125	75.625
32.125	75.875
32.125	76.125
32.125	76.375
32.125	76.625
32.125	76.875
32.125	77.125
32.125	77.375
32.125	77.625
32.125	77.875
32.125	78.125
32.125	78.375
32.375	75.375
32.375	75.625
32.375	75.875
32.375	76.125
32.375	76.375
32.375	76.625
32.375	76.875
32.375	77.125
32.375	77.375
32.375	77.625
32.375	77.875
32.375	78.125
32.375	78.375
32.625	74.875
32.625	75.125
32.625	75.375
32.625	75.625
32.625	75.875
32.625	76.125
32.625	76.375
32.625	76.625
32.625	76.875
32.625	77.125
32.625	77.375
32.625	77.625
32.625	77.875
32.625	78.125
32.625	78.375
32.625	78.875
32.875	74.625
32.875	74.875
32.875	75.125
32.875	75.375
32.875	75.625
32.875	75.875
32.875	76.125
32.875	76.375
32.875	76.625
32.875	76.875
32.875	77.125
32.875	77.375
32.875	77.625
32.875	77.875
32.875	78.125
32.875	78.375
32.875	78.625
32.875	78.875
32.875	79.125
32.875	79.375
33.125	73.875
33.125	74.125
33.125	74.375
33.125	74.625
33.125	74.875
33.125	75.125
33.125	75.375
33.125	75.625
33.125	75.875
33.125	76.125
33.125	76.375
33.125	76.625
33.125	76.875
33.125	77.125
33.125	77.375
33.125	77.625
33.125	77.875
33.125	78.125
33.125	78.375
33.125	78.625
33.125	78.875
33.125	79.125
33.375	73.875
33.375	74.125
33.375	74.375
33.375	74.625
33.375	74.875
33.375	75.125
33.375	75.375
33.375	75.625
33.375	75.875
33.375	76.125
33.375	76.375
33.375	76.625
33.375	76.875
33.375	77.125
33.375	77.375
33.375	77.625
33.375	77.875
33.375	78.125
33.375	78.375
33.375	78.625
33.375	78.875
33.625	73.875
33.625	74.125
33.625	74.375
33.625	74.625
33.625	74.875
33.625	75.125
33.625	75.375
33.625	75.625
33.625	75.875
33.625	76.125
33.625	76.375
33.625	76.625
33.625	76.875
33.625	77.125
33.625	77.375
33.625	77.625
33.625	77.875
33.625	78.125
33.625	78.375
33.625	78.625
33.625	78.875
33.875	73.875
33.875	74.125
33.875	74.375
33.875	74.625
33.875	74.875
33.875	75.125
33.875	75.375
33.875	75.625
33.875	75.875
33.875	76.125
33.875	76.375
33.875	76.625
33.875	76.875
33.875	77.125
33.875	77.375
33.875	77.625
33.875	77.875
33.875	78.125
33.875	78.375
33.875	78.625
33.875	78.875
34.125	73.625
34.125	73.875
34.125	74.125
34.125	74.375
34.125	74.625
34.125	74.875
34.125	75.125
34.125	75.375
34.125	75.625
34.125	75.875
34.125	76.125
34.125	76.375
34.125	76.625
34.125	76.875
34.125	77.125
34.125	77.375
34.125	77.625
34.125	77.875
34.125	78.125
34.125	78.375
34.125	78.625
34.125	78.875
34.375	73.625
34.375	73.875
34.375	74.125
34.375	74.375
34.375	74.625
34.375	74.875
34.375	75.125
34.375	75.375
34.375	75.625
34.375	75.875
34.375	76.125
34.375	76.375
34.375	76.625
34.375	76.875
34.375	77.125
34.375	77.375
34.375	77.625
34.375	77.875
34.375	78.125
34.375	78.375
34.375	78.625
34.375	78.875
34.375	79.125
34.375	79.375
34.625	73.875
34.625	74.125
34.625	74.375
34.625	74.625
34.625	74.875
34.625	75.125
34.625	75.375
34.625	75.625
34.625	75.875
34.625	76.125
34.625	76.375
34.625	76.625
34.625	76.875
34.625	77.125
34.625	77.375
34.625	77.625
34.625	77.875
34.625	78.125
34.625	78.375
34.625	78.625
34.625	78.875
34.625	79.125
34.625	79.375
34.625	79.625
34.875	74.125
34.875	74.375
34.875	74.625
34.875	74.875
34.875	75.125
34.875	75.375
34.875	75.625
34.875	75.875
34.875	76.125
34.875	76.375
34.875	76.625
34.875	76.875
34.875	77.125
34.875	77.375
34.875	77.625
34.875	77.875
34.875	78.125
34.875	78.375
34.875	78.625
34.875	78.875
34.875	79.125
34.875	79.375
34.875	79.625
34.875	79.875
35.125	74.375
35.125	74.625
35.125	74.875
35.125	75.125
35.125	75.375
35.125	75.625
35.125	75.875
35.125	76.125
35.125	76.375
35.125	76.625
35.125	76.875
35.125	77.125
35.125	77.375
35.125	77.625
35.125	77.875
35.125	78.125
35.125	78.375
35.125	78.625
35.125	78.875
35.125	79.125
35.125	79.375
35.125	79.625
35.125	79.875
35.375	73.875
35.375	74.125
35.375	74.375
35.375	74.625
35.375	74.875
35.375	75.125
35.375	75.375
35.375	75.625
35.375	75.875
35.375	76.125
35.375	76.375
35.375	76.625
35.375	76.875
35.375	77.125
35.375	77.375
35.375	77.625
35.375	77.875
35.375	78.125
35.375	78.375
35.375	78.625
35.375	78.875
35.375	79.125
35.375	79.375
35.375	79.625
35.375	79.875
35.625	73.625
35.625	73.875
35.625	74.125
35.625	74.375
35.625	74.625
35.625	74.875
35.625	75.125
35.625	75.375
35.625	75.625
35.625	75.875
35.625	76.125
35.625	76.375
35.625	76.625
35.625	76.875
35.625	77.125
35.625	78.375
35.625	78.625
35.625	78.875
35.625	79.125
35.625	79.375
35.625	79.625
35.625	79.875
35.625	80.125
35.875	73.125
35.875	73.375
35.875	73.625
35.875	73.875
35.875	74.125
35.875	74.375
35.875	74.625
35.875	74.875
35.875	75.125
35.875	75.375
35.875	75.625
35.875	75.875
35.875	76.125
35.875	76.375
35.875	76.625
35.875	79.375
36.125	72.625
36.125	72.875
36.125	73.125
36.125	73.375
36.125	73.625
36.125	73.875
36.125	74.125
36.125	74.375
36.125	74.625
36.125	74.875
36.125	75.125
36.125	75.375
36.125	75.625
36.125	75.875
36.125	76.125
36.125	76.375
36.125	76.625
36.375	73.125
36.375	73.375
36.375	73.625
36.375	73.875
36.375	74.125
36.375	74.375
36.375	74.625
36.375	74.875
36.375	75.125
36.375	75.375
36.375	75.625
36.375	75.875
36.375	76.125
36.625	73.375
36.625	73.625
36.625	73.875
36.625	74.125
36.625	74.375
36.625	74.625
36.625	74.875
36.625	75.125
36.625	75.375
36.625	75.625
36.875	73.875
36.875	74.375
36.875	74.625
36.875	74.875
36.875	75.125
36.875	75.375
8.375	77.125
8.375	77.375
8.375	77.625
8.625	76.875
8.625	77.125
8.625	77.375
8.625	77.625
8.625	77.875
8.875	76.875
8.875	77.125
8.875	77.375
8.875	77.625
8.875	77.875
9.125	76.625
9.125	76.875
9.125	77.125
9.125	77.375
9.125	77.625
9.125	77.875
9.375	76.625
9.375	76.875
9.375	77.125
9.375	77.375
9.375	77.625
9.375	77.875
9.375	78.125
9.375	78.375
9.375	78.625
9.625	76.375
9.625	76.625
9.625	76.875
9.625	77.125
9.625	77.375
9.625	77.625
9.625	77.875
9.625	78.125
9.625	78.375
9.625	78.625
9.875	76.625
9.875	76.875
9.875	77.125
9.875	77.375
9.875	77.625
9.875	77.875
9.875	78.125
9.875	78.375
9.875	78.625
